1 8648.075792021233 4615.207270194073 4615.207270194073 80.80614757537842 
2 5570.718296119217 3824.0807107030128 3824.0807107030128 80.68277311325073 
3 5044.288403811748 3597.395683093947 3597.395683093947 80.79412484169006 
4 4755.482870089609 3116.0666667198648 3116.0666667198648 80.58056306838989 
5 4575.940067987498 3243.808571105101 3116.0666667198648 79.68286466598511 
6 4434.982264524038 3996.4280832835607 3116.0666667198648 80.00508713722229 
7 4322.107072735936 2977.8417177978827 2977.8417177978827 80.62825870513916 
8 4215.1464860070055 2766.289768666637 2766.289768666637 81.27422642707825 
9 4140.737530582675 2959.6261423850547 2766.289768666637 80.0636351108551 
10 4064.222148733095 2839.121912936775 2766.289768666637 79.90049290657043 
11 4001.237877576294 2862.816194582959 2766.289768666637 80.08573341369629 
