1 0.0003357935659005307 0.0003762409914052114 0.0003762409914052114 152.8947193622589 
2 0.00014253899481263943 0.0003282199011882767 0.0003282199011882767 140.86281991004944 
3 0.0001195937367301667 0.0003097930159419775 0.0003097930159419775 140.91099095344543 
4 0.00010794657652149908 0.00029321705386973915 0.00029321705386973915 140.89402174949646 
5 0.00010027716679906007 0.0002750425797421485 0.0002750425797421485 140.95144152641296 
6 9.532287681940943e-05 0.00026654193358263 0.00026654193358263 140.8526771068573 
7 9.067517358926125e-05 0.0002645807064254768 0.0002645807064254768 140.91824674606323 
8 8.748603933781851e-05 0.0002544056994956918 0.0002544056994956918 140.98247170448303 
9 8.50426371616777e-05 0.00024502182280411943 0.00024502182280411943 140.9736123085022 
10 8.288186835852684e-05 0.00024516098533058537 0.00024502182280411943 133.76198959350586 
11 8.011282821826171e-05 0.0002440235149115324 0.0002440235149115324 141.00842475891113 
12 7.868981367209927e-05 0.00023935802665073425 0.00023935802665073425 140.93616938591003 
13 7.753832638991298e-05 0.00024134571116883307 0.00023935802665073425 133.74759483337402 
14 7.610442802251782e-05 0.00024153186904732137 0.00023935802665073425 133.82315850257874 
15 7.449343294138089e-05 0.00023537991603370757 0.00023537991603370757 141.12301182746887 
16 7.303734070592327e-05 0.00023370290047023445 0.00023370290047023445 141.05152344703674 
17 7.219571870518848e-05 0.0002347150226123631 0.00023370290047023445 133.80063033103943 
18 7.119523358414881e-05 0.0002289318471448496 0.0002289318471448496 141.10811591148376 
19 7.05932209311868e-05 0.00022869524161797016 0.00022869524161797016 141.02034664154053 
20 6.935307608364383e-05 0.0002308652804349549 0.00022869524161797016 133.73505806922913 
21 6.823157952021574e-05 0.000226478865952231 0.000226478865952231 140.99801564216614 
22 6.817314361251192e-05 0.0002225845720968209 0.0002225845720968209 141.0024437904358 
23 6.665650989452842e-05 0.00022891709743998946 0.0002225845720968209 133.7849142551422 
24 6.62819683930138e-05 0.00023234537872485815 0.0002225845720968209 133.81738471984863 
25 6.528857877856353e-05 0.00022211305628297851 0.00022211305628297851 141.0844442844391 
26 6.461515698902076e-05 0.00022325167164672166 0.00022211305628297851 133.73971843719482 
27 6.325579476833809e-05 0.00022310020308941603 0.00022211305628297851 133.79852294921875 
28 6.311677677149418e-05 0.00022217671055113896 0.00022211305628297851 133.8187415599823 
