1 249.81322290039063 612.7054018554687 612.7054018554687 59.93313956260681 
2 226.5719835205078 660.6812707519531 612.7054018554687 58.29977464675903 
3 206.96246492004394 610.3237170410156 610.3237170410156 60.29855918884277 
4 196.5690696411133 606.8532703247071 606.8532703247071 59.94152569770813 
5 186.18108062744142 579.3108981933593 579.3108981933593 60.341925621032715 
6 179.60024017333984 594.0912747192383 579.3108981933593 59.75210690498352 
7 169.51686251831055 569.0925296630859 569.0925296630859 59.56060290336609 
8 168.2675509185791 568.9859705200196 569.0925296630859 61.35588049888611 
9 163.04166688537597 574.0779006347656 569.0925296630859 58.95140719413757 
10 159.7485620880127 549.5360039672852 549.5360039672852 59.748533964157104 
11 154.8254178619385 563.2173324584961 549.5360039672852 59.18026065826416 
12 150.87123733520508 569.5702992553711 549.5360039672852 61.25543808937073 
13 149.34257946777345 574.1900333251953 549.5360039672852 58.627442836761475 
