1 2420.3636391601563 823.1235485076904 823.1235485076904 2.3508248329162598 
2 419.0930002441406 678.2170534133911 678.2170534133911 2.282083034515381 
3 318.141599609375 649.298996925354 649.298996925354 2.3198039531707764 
4 256.8333193359375 639.3220820426941 639.3220820426941 2.362157106399536 
5 218.61247680664061 631.239227771759 631.239227771759 2.3628945350646973 
6 196.1502763671875 566.7742238044739 566.7742238044739 2.326968193054199 
7 176.984998046875 560.559326171875 560.559326171875 2.398742914199829 
8 163.7199676513672 594.2107486724854 560.559326171875 1.9615859985351562 
9 152.32972814941405 594.9436621665955 560.559326171875 1.7404770851135254 
10 143.16080627441406 617.7684135437012 560.559326171875 1.8048763275146484 
