1 0.0020938907799197917 0.0017279927788705037 0.0017279927788705037 818.4128720760345 
2 0.0017680791283879564 0.001661906431026354 0.001661906431026354 808.0865480899811 
3 0.0016936504983827495 0.001610280984282695 0.001610280984282695 808.2963402271271 
4 0.00164863217746762 0.001582626296786239 0.001582626296786239 809.1416807174683 
5 0.0016150798533346097 0.001557460118940956 0.001557460118940956 811.0102019309998 
6 0.0015875114091495413 0.0015229130258179596 0.0015229130258179596 808.1601626873016 
7 0.0015651552252181793 0.0014999116078723927 0.0014999116078723927 810.2713294029236 
8 0.0015433082439807314 0.0014996451476739872 0.0014999116078723927 800.93203997612 
9 0.0015215403613813912 0.001452117897821842 0.001452117897821842 807.5294811725616 
10 0.001497495246508237 0.0014557919257345636 0.001452117897821842 800.5501985549927 
11 0.0014637854420950051 0.0013615013691722542 0.0013615013691722542 807.7715015411377 
12 0.0014283567042240363 0.001291848240244026 0.001291848240244026 808.9723408222198 
13 0.001385487649646309 0.0012650836429030105 0.0012650836429030105 807.7302939891815 
14 0.0013497964550532081 0.0012555914754803117 0.0012555914754803117 816.1432311534882 
15 0.0013209411260319025 0.0012201448188264023 0.0012201448188264023 808.2022352218628 
16 0.0012895025362475404 0.0011592730923832672 0.0011592730923832672 808.4144883155823 
17 0.0012650777699560736 0.0011276965740615048 0.0011276965740615048 807.969286441803 
18 0.0012431131390884147 0.001084693761957759 0.001084693761957759 807.2608034610748 
19 0.0012216321752903207 0.0010521574326589503 0.0010521574326589503 808.2102766036987 
20 0.0012022554654046982 0.0010443097631749067 0.0010443097631749067 810.0512926578522 
21 0.0011832919667318443 0.0010505113901721464 0.0010443097631749067 800.817063331604 
22 0.0011629865800247042 0.0010167540142287474 0.0010167540142287474 807.8061020374298 
23 0.0011482824334957508 0.0009957705605523409 0.0009957705605523409 808.0427417755127 
24 0.00113429600789689 0.0009683675425303345 0.0009683675425303345 807.4398958683014 
25 0.0011165730250653728 0.0009488335360672225 0.0009488335360672225 808.5751802921295 
26 0.001101843189871089 0.0009587349108974071 0.0009488335360672225 800.7179112434387 
27 0.001093243833915249 0.0009114998317248113 0.0009114998317248113 807.3331263065338 
28 0.0010773321594983207 0.0009015458171897744 0.0009015458171897744 807.2209942340851 
29 0.0010631663842215313 0.0009272559884167906 0.0009015458171897744 800.2901000976562 
30 0.0010493166666358151 0.0008842982384816719 0.0008842982384816719 807.4362897872925 
31 0.0010356907421894643 0.0008830705667040436 0.0008830705667040436 807.1765880584717 
32 0.0010290500602910169 0.0008743507024592947 0.0008743507024592947 810.1855711936951 
33 0.001013586623911065 0.0008801781591279684 0.0008743507024592947 800.5850560665131 
34 0.0010042047002851073 0.0008374573664450262 0.0008374573664450262 807.2821712493896 
35 0.0009910597233393128 0.0008078687287854483 0.0008078687287854483 808.0948541164398 
36 0.000983463284178976 0.0008576581715543226 0.0008078687287854483 800.2134892940521 
37 0.000974626495531738 0.0007978797282998425 0.0007978797282998425 807.6557126045227 
38 0.0009648734576353519 0.0007811778407493556 0.0007811778407493556 807.1061556339264 
39 0.0009551457429763824 0.0007669733012900562 0.0007669733012900562 807.7271072864532 
40 0.0009479355651823202 0.0007582456487029589 0.0007582456487029589 807.4262051582336 
41 0.000932991125809439 0.0007424774159664741 0.0007424774159664741 807.5528116226196 
42 0.0009297062442897328 0.0007772634689998184 0.0007424774159664741 801.2296442985535 
43 0.0009199299907158229 0.0007392412773648126 0.0007392412773648126 808.1804831027985 
44 0.0009067837841058726 0.0007254119024838547 0.0007254119024838547 807.4674656391144 
45 0.0008989425193166095 0.0007157344237360096 0.0007157344237360096 807.0909307003021 
46 0.0008908406260648617 0.0007151764183544327 0.0007157344237360096 799.9250433444977 
47 0.0008817205634613571 0.0006966546656110803 0.0006966546656110803 806.741126537323 
48 0.0008790733954765471 0.0006997893650927959 0.0006966546656110803 800.0707650184631 
49 0.0008732350818698908 0.0006822613618537985 0.0006822613618537985 808.3359265327454 
50 0.0008599028845450396 0.0006722227305274558 0.0006722227305274558 807.1196928024292 
51 0.0008534466023672721 0.0006817377477607413 0.0006722227305274558 799.7051167488098 
52 0.000847486560896971 0.0006593548217662484 0.0006593548217662484 807.0369584560394 
53 0.0008422460665310603 0.0006503602376560102 0.0006503602376560102 807.648891210556 
54 0.0008325454831713151 0.0006629343460804808 0.0006503602376560102 799.9571449756622 
55 0.0008264231320517342 0.0006354362522944104 0.0006354362522944104 807.5833621025085 
56 0.000816462108129516 0.0006252202424031959 0.0006252202424031959 808.3210170269012 
57 0.0008139508966488667 0.0006413491581239411 0.0006252202424031959 800.0905485153198 
58 0.0008111329444000603 0.0006064250082016695 0.0006064250082016695 807.5108263492584 
59 0.0008019476646656672 0.000611934410974484 0.0006064250082016695 799.8523457050323 
60 0.0007985222033945202 0.0005987927876098233 0.0005987927876098233 808.1582791805267 
61 0.0007919478789398077 0.0006091515030208471 0.0005987927876098233 799.4650464057922 
62 0.0007862423011469678 0.000590519406172019 0.000590519406172019 807.5874423980713 
63 0.0007792066300569192 0.0005860406798436432 0.0005860406798436432 806.9291150569916 
64 0.000775000575641173 0.0005781534662772272 0.0005781534662772272 806.8106863498688 
65 0.0007658986963387212 0.0005786505873893967 0.0005781534662772272 800.1939897537231 
66 0.0007658664898997003 0.0005741485830308315 0.0005741485830308315 806.7328276634216 
67 0.0007548615148208525 0.0005625138148929723 0.0005625138148929723 807.3220512866974 
68 0.0007517324624944755 0.0005533226340933627 0.0005533226340933627 807.3908126354218 
69 0.0007488747076704738 0.0005500535431909501 0.0005500535431909501 806.7899439334869 
70 0.0007385138685296194 0.0005479193942281544 0.0005479193942281544 806.8431539535522 
71 0.0007329887708745057 0.0005396449556133735 0.0005396449556133735 807.2110066413879 
72 0.0007363198041667182 0.0005276230744375671 0.0005276230744375671 807.5512993335724 
73 0.0007280022748161716 0.0005265345774918191 0.0005265345774918191 806.669037103653 
74 0.0007244406144209153 0.0005254078124700165 0.0005254078124700165 806.6517379283905 
75 0.0007186087418489073 0.0005202741160787441 0.0005202741160787441 807.7269461154938 
76 0.000715384137121295 0.0005125876487786504 0.0005125876487786504 807.4736716747284 
77 0.0007132616320200811 0.0005098392378312309 0.0005098392378312309 806.5531957149506 
78 0.0007050677020934257 0.0005036392823377675 0.0005036392823377675 806.976051568985 
79 0.0007042677876024037 0.0005024646654271999 0.0005024646654271999 809.3180725574493 
80 0.0006989772580513756 0.0005122092959936708 0.0005024646654271999 799.7081589698792 
81 0.0006962654281759317 0.0004949211024968709 0.0004949211024968709 808.1785399913788 
82 0.0006894357039221476 0.0004939542301439655 0.0004939542301439655 807.1379194259644 
83 0.0006874214855139435 0.0004889183529854023 0.0004889183529854023 807.3661932945251 
84 0.0006858989767948351 0.0004881358796705467 0.0004881358796705467 807.1878526210785 
85 0.00068059012559939 0.0004753959330579115 0.0004753959330579115 807.1813089847565 
86 0.0006735336755491118 0.00046338380496898615 0.00046338380496898615 808.0477433204651 
87 0.0006723358414313047 0.00046497777503965473 0.00046338380496898615 800.3061842918396 
88 0.0006686617795021584 0.00046434717447924853 0.00046338380496898615 800.0389125347137 
89 0.0006589591755752903 0.0004507928927007408 0.0004507928927007408 806.8328521251678 
90 0.0006649371117488359 0.00045995517143023173 0.0004507928927007408 800.1283991336823 
91 0.0006585282391098646 0.0004496243464559115 0.0004496243464559115 807.4500870704651 
92 0.0006566654205487928 0.00044485478838150565 0.00044485478838150565 807.8156633377075 
93 0.0006516441652284369 0.00044807570772497236 0.00044485478838150565 800.2114899158478 
94 0.000649655931140777 0.0004433029842550388 0.0004433029842550388 807.8318603038788 
95 0.0006457030892200787 0.00043667077174963984 0.00043667077174963984 807.2428886890411 
96 0.0006388618150938758 0.00043688353766196383 0.00043667077174963984 800.0433852672577 
97 0.0006377212949189968 0.00042785047970372376 0.00042785047970372376 807.196576833725 
98 0.0006353255917241818 0.00043712827326679554 0.00042785047970372376 800.0384495258331 
99 0.0006320903538902569 0.0004404084498968882 0.00042785047970372376 800.0508511066437 
100 0.0006300895946559022 0.0004168038847982078 0.0004168038847982078 807.2270047664642 
101 0.0006262499854948898 0.000418823365140958 0.0004168038847982078 800.8787384033203 
102 0.0006227510089314926 0.0004129360623443751 0.0004129360623443751 807.3724298477173 
103 0.0006191980537505457 0.00040497463015600334 0.00040497463015600334 807.1379883289337 
104 0.0006167851284095896 0.00040481219357634717 0.00040497463015600334 800.3204212188721 
105 0.0006166212661401631 0.000414487551756178 0.00040497463015600334 801.0993027687073 
106 0.0006132987869427147 0.0004039162372685717 0.0004039162372685717 808.1277375221252 
107 0.0006081262652922359 0.000398160086557697 0.000398160086557697 808.092972278595 
108 0.0006049884550076868 0.00039551333167174883 0.00039551333167174883 807.9901823997498 
109 0.0006044505842758409 0.00040196131079495455 0.00039551333167174883 802.8129897117615 
110 0.0005999267902025645 0.0003937779997343298 0.0003937779997343298 808.9068715572357 
111 0.0006025092169077565 0.0003910270341785272 0.0003910270341785272 811.3123335838318 
112 0.0005964339923295566 0.00039846488122035424 0.0003910270341785272 802.3464555740356 
113 0.0005984145900948079 0.0003770254332119146 0.0003770254332119146 808.9870309829712 
114 0.0005921348305530548 0.0003742538103078668 0.0003742538103078668 808.1292283535004 
115 0.0005891451693288731 0.0003784233010436937 0.0003742538103078668 800.8594000339508 
116 0.0005856382340152436 0.0003828626505973925 0.0003742538103078668 800.615490436554 
117 0.0005820139090115909 0.0003719882864184124 0.0003719882864184124 808.5707919597626 
118 0.0005807928400929669 0.00037038099489527176 0.00037038099489527176 808.0203831195831 
119 0.0005804895218751697 0.0003623571261807622 0.0003623571261807622 807.8779938220978 
120 0.0005774635107362325 0.0003716692439362256 0.0003623571261807622 801.1322729587555 
121 0.000579124062424581 0.00036332964963229323 0.0003623571261807622 801.144036769867 
122 0.0005724789846001673 0.0003572902686239497 0.0003572902686239497 807.9502973556519 
123 0.0005693531606180051 0.00036270705246794463 0.0003572902686239497 801.0567109584808 
124 0.000566609508909385 0.00036459957332841145 0.0003572902686239497 801.493442773819 
125 0.0005729594199789411 0.0003524906522707661 0.0003524906522707661 808.0728049278259 
126 0.0005660078901298797 0.0003519103111938347 0.0003519103111938347 808.3119475841522 
127 0.0005616580501202192 0.0003521668028583549 0.0003519103111938347 800.7464864253998 
128 0.0005580863020923665 0.000347356524670849 0.000347356524670849 808.1257555484772 
129 0.0005584024500271692 0.00034129804077344264 0.00034129804077344264 807.8980987071991 
130 0.0005590368768189569 0.0003452641832031863 0.00034129804077344264 808.9505667686462 
131 0.000551944094042121 0.0003371065738925559 0.0003371065738925559 809.4147486686707 
132 0.000550765417329479 0.000342240631485962 0.0003371065738925559 802.1974630355835 
133 0.0005532067905400748 0.00033206359138775215 0.00033206359138775215 813.8170268535614 
134 0.0005484568735776433 0.0003282676059186358 0.0003282676059186358 808.9537196159363 
135 0.0005488468187230112 0.0003348892874782905 0.0003282676059186358 800.463583946228 
136 0.0005457463389410371 0.00032199037424917963 0.00032199037424917963 808.206684589386 
137 0.0005439517237997126 0.00032843276173996465 0.00032199037424917963 801.5783603191376 
138 0.0005361213012208631 0.00031706261333720005 0.00031706261333720005 808.9376449584961 
139 0.0005401486779147662 0.00032101669285849137 0.00031706261333720005 800.368337392807 
140 0.0005404150713488587 0.0003347981162683887 0.00031706261333720005 800.3412902355194 
141 0.0005355351298229867 0.0003125517747075473 0.0003125517747075473 808.0154814720154 
142 0.0005342290237462116 0.00031406959334728183 0.0003125517747075473 800.6249651908875 
143 0.0005292347821851263 0.0003096410876448342 0.0003096410876448342 807.9018895626068 
144 0.0005301290047292709 0.00030853053306330097 0.00030853053306330097 807.6396667957306 
145 0.0005257374995994354 0.0003054922933507761 0.0003054922933507761 807.7599141597748 
146 0.0005294288654085869 0.0003057286522439303 0.0003054922933507761 800.7106564044952 
147 0.000527804026087176 0.0003097461725308283 0.0003054922933507761 800.3966646194458 
148 0.0005211661884643721 0.00030749263328411994 0.0003054922933507761 800.8389172554016 
